
0: (-1, 0, 0)
1: (-1, 0, 1)
2: (-1, 0, -1)
3: (-1, 0, -2)
4: (1, 0, 0)
5: (1, 0, 1)
6: (1, 0, -1)
7: (1, 0, -2)
8: (0, -1, 0)
9: (0, -1, 1)
10: (0, -1, -1)
11: (0, -1, -2)
12: (0, 1, 0)
13: (0, 1, 1)
14: (0, 1, -1)
15: (0, 1, -2)


前上
前
前上
右
前
右
前
前上
前 
前上
前上
右
前上
右
前 下-2 
前 
前上
左上
后上 
后上
左上
前 下-1
前 
前上
前上
左上
后 
后上
后 
左
左上
左 
左上 
后 
后上 
左
后上 


[0,1,1],
[0,1,0],
[0,1,1],
[1,0,0],
[0,1,0],
[1,0,0],
[0,1,0],
[0,1,1],
[0,1,0],
[0,1,1],
[0,1,1],
[1,0,0],
[0,1,1],
[1,0,0],
[0,1,-2],
[0,1,0],
[0,1,1],
[-1,0,1],
[0,-1,1],
[0,-1,1],
[-1,0,1],
[0,1,-1],
[0,1,0],
[0,1,1],
[0,1,1],
[-1,0,1],
[0,-1,0],
[0,-1,1],
[0,-1,0],
[-1,0,0],
[-1,0,1],
[-1,0,0],
[-1,0,1],
[0,-1,0],
[0,-1,1],
[-1,0,0],
[0,-1,1],
